+--------------------------------------------------------------------------------------------------------------------------------------------------------------------------------------------------------------------------------------------------------------------------------------+
; Legal Partition Candidates                                                                                                                                                                                                                                                           ;
+---------------------------------------------------------------------------------+-------+----------------+--------------+----------------+--------+-----------------+---------------+-----------------+-------+----------------+--------------+------------------+-------------------+
; Hierarchy                                                                       ; Input ; Constant Input ; Unused Input ; Floating Input ; Output ; Constant Output ; Unused Output ; Floating Output ; Bidir ; Constant Bidir ; Unused Bidir ; Input only Bidir ; Output only Bidir ;
+---------------------------------------------------------------------------------+-------+----------------+--------------+----------------+--------+-----------------+---------------+-----------------+-------+----------------+--------------+------------------+-------------------+
; i_startup_timer                                                                 ; 7     ; 5              ; 0            ; 5              ; 1      ; 5               ; 5             ; 5               ; 0     ; 0              ; 0            ; 0                ; 0                 ;
; i_fifo_mst_io                                                                   ; 46    ; 3              ; 0            ; 3              ; 44     ; 3               ; 3             ; 3               ; 36    ; 0              ; 0            ; 0                ; 0                 ;
; i_fifo_ep_mst_4                                                                 ; 25    ; 0              ; 0            ; 0              ; 31     ; 0               ; 0             ; 0               ; 0     ; 0              ; 0            ; 0                ; 0                 ;
; i_fifo_ep_mst_3                                                                 ; 25    ; 1              ; 0            ; 1              ; 31     ; 1               ; 1             ; 1               ; 0     ; 0              ; 0            ; 0                ; 0                 ;
; i_fifo_ep_mst_2                                                                 ; 25    ; 1              ; 0            ; 1              ; 31     ; 1               ; 1             ; 1               ; 0     ; 0              ; 0            ; 0                ; 0                 ;
; i_fifo_ep_mst_1                                                                 ; 25    ; 2              ; 0            ; 2              ; 31     ; 2               ; 2             ; 2               ; 0     ; 0              ; 0            ; 0                ; 0                 ;
; i_fifo_mst_ram|i_MEM_SP_xKx32|i_C5_SP_4Kx32|altsyncram_component|auto_generated ; 51    ; 0              ; 0            ; 0              ; 32     ; 0               ; 0             ; 0               ; 0     ; 0              ; 0            ; 0                ; 0                 ;
; i_fifo_mst_ram|i_MEM_SP_xKx32|i_C5_SP_4Kx32                                     ; 51    ; 0              ; 0            ; 0              ; 32     ; 0               ; 0             ; 0               ; 0     ; 0              ; 0            ; 0                ; 0                 ;
; i_fifo_mst_ram|i_MEM_SP_xKx32                                                   ; 51    ; 0              ; 1            ; 0              ; 32     ; 0               ; 0             ; 0               ; 0     ; 0              ; 0            ; 0                ; 0                 ;
; i_fifo_mst_ram                                                                  ; 51    ; 1              ; 0            ; 1              ; 33     ; 1               ; 1             ; 1               ; 0     ; 0              ; 0            ; 0                ; 0                 ;
; i_fifo_mst_fsm                                                                  ; 20    ; 3              ; 0            ; 3              ; 24     ; 3               ; 3             ; 3               ; 0     ; 0              ; 0            ; 0                ; 0                 ;
; i_fifo_mst_arb                                                                  ; 20    ; 0              ; 0            ; 0              ; 5      ; 0               ; 0             ; 0               ; 0     ; 0              ; 0            ; 0                ; 0                 ;
; i_fifo_mst_dpath                                                                ; 84    ; 0              ; 0            ; 0              ; 74     ; 0               ; 0             ; 0               ; 0     ; 0              ; 0            ; 0                ; 0                 ;
+---------------------------------------------------------------------------------+-------+----------------+--------------+----------------+--------+-----------------+---------------+-----------------+-------+----------------+--------------+------------------+-------------------+
